20 111
12 6
19 4
13 15
14 18
8 17
11 2
13 20
10 8
18 12
3 16
14 1
2 19
5 10
12 4 
9 4
17 1
17 9
16 20
5 1
4 17
7 19
8 9
3 19
15 8
6 18
20 8
11 20
2 7
13 17
2 1
2 8
19 14
15 1
13 10
15 12
1 12
11 6
18 8
5 16
2 5
8 5
16 14
15 3
3 5
19 18
9 5
3 17
20 17
5 19
5 11
17 2
12 17
4 8
14 13
13 12
1 13
5 18
9 13
6 19
19 20
8 7
19 10
19 1
5 14
1 6
2 10
3 18
7 15
6 10
6 2
16 11
17 7
18 9
6 5
20 7
7 4
20 10
3 9
20 2
17 15
11 19
16 9
2 12
16 17
17 6
15 5
7 6
12 3
7 9
17 18
1 9
15 9
6 15
20 4
20 5
14 8
10 12
11 8
2 4
15 4
2 18
17 5
2 13
20 15
11 4
7 13
13 19
11 1
19 17
15 19
16 12
