100 1925
24 82
86 66
18 71
17 1
43 97
16 18
5 3
35 21
84 58
11 32
21 96
100 27
9 18
22 30
82 56
37 84 
78 91
39 66
49 96
63 95
59 98
13 99
55 15
49 70
47 62
95 16
86 5
82 47
6 22
44 36
1 31
13 9
16 53
21 27
25 24
99 53
44 38
49 30
11 74
79 24
39 4
91 85
61 27
52 38
23 69
71 98
35 1
50 26
32 14
91 68
48 81
88 73
68 43
57 16
98 63
56 46
34 40
55 73
83 73
55 79
38 29
12 81
25 45
42 13
82 54
27 66
5 31
29 10
87 52
88 86
75 1
76 22
28 23
40 14
15 37
82 8
50 83
55 99
5 83
94 24
46 4
30 39
10 67
56 3
80 7
14 48
8 95
23 56
98 68
5 34
69 63
84 44
67 29
66 41
36 31
8 81
21 33
29 34
51 90
24 34
82 38
48 61
72 63
36 93
67 48
59 31
78 18
19 57
59 100
36 74
93 19
53 94
65 46
26 98
51 89
65 27
58 44
93 48
17 49
39 73
91 82
8 13
51 74
68 66
79 20
20 72
19 5
94 84
12 71
80 38
18 22
98 95
68 84
51 25
30 31
40 38
68 26
18 86
56 49
17 61
45 98
71 3
29 19
72 1
46 75
11 82
31 27
3 33
98 97
18 40
65 71
29 57
98 85
56 19
70 46
68 95
56 57
100 82
67 72
91 63
76 63
8 30
50 78
7 15
64 52
85 68
81 17
53 34
77 68
74 48
50 85
41 2
94 48
65 52
58 49
63 56
73 24
15 39
64 81
83 62
87 84
18 100
92 71
61 94
18 55
28 68
56 14
76 14
37 85
42 17
63 79
15 69
69 93
71 39
99 81
32 72
80 88
52 74
2 93
70 23
19 1
57 72
56 11
54 72
44 34
8 4
80 65
11 90
9 67
25 26
69 51
20 43
23 41
16 23
90 38
55 25
84 55
15 18
58 22
49 3
97 89
81 73
100 40
62 28
44 46
93 45
33 70
81 45
67 65
28 38
96 89
95 85
82 12
66 57
14 39
10 83
58 57
5 42
45 60
59 36
66 6
15 21
52 72
92 80
98 96
41 34
73 84
19 47
15 35
80 61
65 100
52 86
9 40
63 33
1 6
4 66
48 35
2 47
70 100
13 83
52 31
54 6
100 84
88 64
43 90
11 42
87 63
48 77
48 34
27 52
24 37
79 89
28 27
85 25
71 38
24 38
40 78
89 6
49 95
17 24
91 89
81 14
16 79
30 10
71 81
90 50
34 63
25 10
39 9
81 55
28 57
6 55
95 53
74 37
47 28
74 84
68 86
12 78
97 30
15 31
28 30
44 51
47 17
32 15
68 97
47 49
95 34
98 30
31 90
45 89
73 82
67 17
72 10
66 61
73 98
80 42
98 51
8 27
30 56
68 92
44 32
39 90
9 42
91 92
53 71
61 38
66 63
48 71
49 12
99 85
27 39
92 86
7 60
93 33
41 96
98 42
72 27
59 65
21 64
41 32
47 88
52 19
36 49
47 89
35 84
81 36
41 79
91 2
94 5
27 25
55 44
71 22
87 41
6 11
33 39
39 78
46 24
81 75
50 38
29 63
66 51
63 26
1 40
58 23
77 44
20 26
14 29
24 97
8 97
26 35
56 2
48 17
16 72
82 1
71 64
65 19
22 91
83 8
95 33
54 35
18 67
57 80
20 5
56 22
23 100
46 31
94 100
33 79
94 27
63 93
22 72
81 4
25 68
34 33
32 4
14 52
60 9
23 43
16 48
99 91
43 60
54 17
17 72
99 89
15 38
66 59
33 10
48 82
17 63
2 71
33 59
7 46
74 96
33 53
63 25
35 45
9 25
19 42
55 92
56 26
32 83
8 69
65 33
16 90
11 50
55 3
45 40
75 96
82 63
2 53
91 94
31 62
84 7
50 66
1 99
76 15
40 56
93 73
27 55
74 71
16 52
41 86
42 100
14 36
54 96
48 27
72 56
59 78
48 64
78 20
85 74
76 67
35 7
8 93
21 2
44 39
47 67
40 41
74 26
33 85
72 91
72 40
2 84
41 62
61 43
80 25
4 92
78 98
94 66
73 72
30 25
5 17
96 70
29 73
69 43
59 80
76 10
77 81
5 64
56 79
67 63
88 84
78 99
79 92
85 5
52 84
21 7
13 92
49 99
67 4
32 45
43 37
10 12
37 73
46 22
36 30
30 59
37 52
7 6
56 70
16 96
86 99
26 49
10 80
5 52
49 6
96 65
14 1
82 89
14 99
48 96
65 22
31 63
21 73
34 8
61 11
29 89
58 74
37 88
37 10
44 15
45 33
100 88
55 63
22 57
21 66
97 91
30 78
91 62
57 89
42 10
97 74
86 4
67 45
34 56
26 86
54 19
96 28
40 68
81 65
45 18
53 63
54 1
66 72
13 69
5 96
58 55
56 38
91 98
41 16
38 11
65 66
1 83
91 7
93 56
1 63
19 40
82 55
44 62
74 17
28 17
96 68
8 20
57 49
99 36
94 46
63 45
9 68
5 8
25 77
15 33
79 70
2 72
15 100
7 37
47 12
44 73
13 38
68 5
60 18
67 60
94 80
13 100
8 33
84 75
22 16
12 35
98 15
61 2
40 50
65 97
32 31
6 91
1 74
49 78
19 81
48 2
78 86
90 56
16 99
82 46
49 94
28 48
77 14
44 76
31 85
82 57
19 37
45 16
88 2
8 57
7 64
39 65
39 48
72 47
61 7
27 20
47 69
44 54
59 49
57 98
72 89
65 74
24 100
96 60
57 96
37 56
77 90
98 60
63 28
76 69
100 61
29 86
7 68
74 9
77 62
20 65
26 97
93 62
56 50
23 47
17 92
3 10
85 61
18 52
17 79
54 24
96 64
1 36
26 100
17 20
13 12
26 45
36 52
18 82
32 43
77 56
77 59
35 2
83 78
93 97
50 4
61 52
68 12
29 78
65 73
53 31
42 62
76 62
36 67
91 79
28 69
26 79
90 66
51 53
50 87
53 57
64 95
2 74
60 32
59 64
93 84
30 21
67 95
22 5
97 85
77 78
73 13
92 62
53 35
70 68
91 59
52 10
28 78
49 24
97 70
34 94
70 15
18 68
13 65
4 71
62 14
44 27
34 36
84 13
84 96
8 84
35 69
56 68
93 49
89 92
71 100
47 3
44 74
44 53
82 42
20 73
36 96
75 93
89 75
97 2
31 79
56 67
29 76
42 54
14 91
64 23
1 50
76 45
28 45
56 62
29 7
18 5
94 16
95 6
60 83
14 17
5 33
20 61
33 91
50 72
66 47
52 90
55 40
53 22
41 73
25 66
63 52
64 60
64 55
33 44
20 46
24 43
45 68
68 35
30 33
67 35
60 15
87 14
39 10
40 94
38 63
55 43
6 48
26 32
55 100
39 87
56 8
91 38
61 12
66 5
76 26
30 91
37 29
18 42
64 69
20 22
87 20
66 91
8 100
56 65
85 6
92 7
68 29
90 21
28 16
85 17
100 41
52 76
15 3
50 99
81 66
86 39
99 20
43 14
87 15
7 54
50 91
71 37
7 19
33 66
20 19
25 43
47 4
13 27
46 45
40 6
34 87
56 12
67 2
24 69
2 58
93 59
58 25
92 37
1 9
37 46
64 20
69 5
87 19
66 22
4 35
59 13
86 71
89 32
97 73
90 78
75 80
45 57
21 53
51 55
46 68
24 96
43 3
92 76
78 62
18 10
45 70
82 29
26 16
92 54
27 54
34 43
35 38
31 4
99 9
89 94
32 68
83 66
4 38
24 52
21 16
21 29
13 90
90 36
42 23
53 39
72 34
31 84
84 22
41 5
23 31
7 25
64 80
71 51
86 50
1 52
16 42
86 3
43 57
71 78
48 19
50 3
73 76
71 66
61 64
40 4
49 7
85 92
68 52
31 83
45 95
27 81
77 55
58 64
87 3
4 16
82 66
96 9
50 51
63 89
38 70
67 96
32 34
3 79
51 29
16 44
38 94
55 26
92 41
2 25
61 46
82 67
55 65
7 13
77 75
58 52
58 45
80 36
57 13
54 22
33 99
6 83
1 11
6 9
66 67
32 46
86 62
28 60
4 94
28 67
74 88
3 6
88 27
40 79
39 57
25 92
15 12
80 4
91 34
78 3
14 46
21 93
66 73
65 95
30 53
97 28
2 3
45 48
59 38
27 51
13 44
44 21
95 9
78 70
58 32
31 60
34 76
67 83
81 37
27 33
87 58
26 64
3 69
58 80
83 2
97 61
17 56
54 56
89 37
1 29
72 64
46 98
76 58
15 29
15 5
29 47
3 75
25 97
88 71
21 10
62 68
37 21
83 26
77 85
23 81
85 35
17 96
52 13
91 96
27 75
48 89
3 98
89 54
76 57
52 50
61 9
30 64
57 18
92 33
71 44
73 50
88 90
54 14
37 16
7 77
8 46
42 52
12 20
68 75
45 34
83 45
45 52
7 65
93 66
59 9
36 43
51 93
18 88
46 72
66 44
28 34
35 82
99 48
41 74
67 19
60 13
93 44
21 87
74 20
84 50
35 62
45 69
14 90
18 12
35 17
19 80
3 53
81 13
2 63
67 38
98 99
97 54
38 47
43 78
83 80
76 65
38 30
88 63
77 19
57 38
98 32
55 14
33 4
75 5
69 52
69 49
13 33
56 87
65 93
12 14
13 29
39 26
12 79
16 33
65 61
1 25
92 19
20 81
31 65
87 35
63 86
88 81
63 42
69 19
88 91
54 28
94 7
64 37
79 48
64 40
64 56
69 44
19 50
26 38
90 2
14 89
74 5
42 7
11 12
94 81
86 7
25 35
85 43
38 87
13 50
48 20
93 25
38 86
37 57
50 70
37 50
78 80
71 85
26 1
40 87
99 25
80 28
37 66
96 46
60 29
81 47
99 23
54 87
66 36
77 86
5 46
29 64
6 76
25 11
23 17
48 26
24 98
16 13
80 40
61 93
76 43
11 80
67 26
47 75
58 39
50 14
42 27
3 40
98 76
26 43
8 43
29 36
9 41
47 74
24 48
74 69
56 86
90 65
45 9
15 86
48 52
69 2
93 3
75 23
82 75
33 96
49 89
54 5
5 26
83 33
92 75
39 11
41 48
83 47
26 47
24 41
29 40
22 13
92 1
17 90
39 70
41 37
93 91
37 68
48 22
86 51
20 55
74 7
2 99
37 97
93 96
77 64
60 84
30 42
100 85
45 56
79 88
88 30
72 82
16 84
76 8
3 42
48 7
29 31
2 60
15 56
42 39
9 87
47 52
3 64
34 7
31 25
19 79
77 99
46 90
64 50
1 91
91 49
4 13
70 72
22 67
35 72
42 78
52 35
100 28
33 37
8 53
44 45
51 76
42 74
59 81
18 92
64 4
22 17
22 75
84 64
24 26
62 18
56 99
2 8
24 29
14 83
56 81
81 49
94 51
3 44
45 72
20 100
18 31
6 38
48 51
34 62
61 89
62 40
36 85
84 1
70 82
33 98
20 94
12 1
74 19
87 93
60 1
74 53
93 67
72 86
30 15
88 29
84 34
80 22
35 41
46 28
50 67
4 73
22 35
72 9
73 48
13 64
7 33
13 11
64 91
89 12
30 83
51 92
5 72
36 69
51 63
6 90
64 70
94 28
63 7
84 77
28 75
14 72
52 98
42 84
30 20
87 62
42 55
73 31
26 33
40 20
47 42
52 54
49 48
12 19
60 55
15 62
24 76
48 44
55 86
84 51
41 72
89 27
76 13
34 37
89 65
10 92
15 54
41 31
99 52
23 67
27 69
11 100
63 47
85 34
42 95
13 32
50 71
7 67
1 38
46 36
58 15
39 64
23 39
41 11
55 98
41 67
42 93
92 5
33 54
82 78
3 30
81 93
10 45
46 93
13 96
73 61
98 13
29 26
16 51
8 15
21 24
61 47
60 34
84 79
34 59
15 99
93 12
62 66
42 65
24 88
40 57
40 82
75 62
42 50
27 57
67 87
77 11
52 85
69 70
39 69
44 50
9 55
6 94
13 48
4 48
21 100
1 68
93 11
73 14
38 27
1 53
68 74
59 73
77 88
36 78
8 47
10 8
11 7
15 24
16 9
3 22
8 99
99 65
63 27
27 82
57 77
71 96
86 8
10 91
5 80
39 36
18 87
26 87
39 38
25 56
82 62
70 12
95 48
57 21
15 40
85 65
53 85
69 7
7 26
87 29
73 57
33 24
88 55
5 45
51 67
61 41
36 54
14 35
69 96
4 19
93 77
17 6
21 56
67 21
28 7
30 52
83 68
21 26
72 61
35 13
13 68
12 88
83 54
55 90
83 98
96 87
89 25
4 57
69 79
71 76
12 39
62 27
96 62
5 90
44 42
32 75
87 95
28 13
95 1
46 47
18 99
32 78
98 20
53 58
14 49
5 30
54 62
61 22
7 59
55 36
91 81
4 6
96 63
43 49
92 28
84 25
19 9
23 60
89 18
66 49
30 37
38 72
71 79
35 49
92 70
14 71
31 40
68 20
39 93
42 12
58 14
62 97
31 49
71 34
27 2
15 1
42 69
42 79
80 20
30 45
52 43
96 52
86 22
51 1
76 85
8 36
79 15
1 80
74 56
99 5
51 68
40 88
48 9
22 70
88 6
34 99
71 1
85 15
60 14
53 70
72 78
46 76
73 3
8 60
17 44
94 21
53 43
25 41
11 48
40 2
9 26
87 37
8 78
27 41
26 22
42 56
47 85
11 99
76 20
16 82
34 26
100 16
15 63
22 24
9 97
23 68
33 56
93 71
32 23
97 88
62 99
66 35
11 22
37 69
100 76
65 41
90 79
58 69
93 86
42 33
59 29
13 70
2 15
34 20
70 94
81 22
58 78
38 32
27 67
34 92
70 5
88 82
35 64
74 14
35 50
23 77
58 73
17 64
58 88
27 35
73 54
65 79
24 36
94 99
64 11
48 100
16 24
5 37
97 81
63 84
79 32
17 80
7 47
21 11
38 96
29 98
90 19
22 89
43 38
36 88
2 100
26 52
45 41
54 43
45 24
85 79
18 93
22 73
78 14
63 58
11 63
72 12
69 85
18 4
49 79
19 38
81 5
85 8
51 59
36 27
10 16
9 85
68 39
29 72
10 89
36 37
43 16
88 69
74 94
16 27
35 42
48 58
54 76
22 63
48 92
73 75
25 78
27 68
17 55
54 94
86 12
68 72
79 97
31 93
19 8
93 9
65 75
74 55
29 96
26 15
19 64
81 32
22 88
48 33
24 87
47 50
24 63
23 38
64 67
33 46
25 42
7 90
98 23
95 88
63 81
90 42
50 30
44 72
20 86
73 62
4 34
91 16
71 95
6 62
91 83
51 8
15 16
76 40
45 62
16 81
18 39
11 51
75 41
28 33
34 18
85 60
72 36
7 10
42 61
10 20
23 86
47 40
71 73
86 47
74 33
93 35
72 51
15 6
99 35
92 84
84 30
92 93
35 3
32 63
32 17
73 80
23 22
10 57
32 99
12 38
53 50
44 9
82 5
96 43
57 5
73 11
81 76
34 70
2 66
16 62
46 6
36 23
50 22
63 14
60 38
7 52
95 91
18 46
94 73
24 3
24 32
90 99
1 58
72 58
62 59
17 97
20 93
19 85
19 66
55 22
12 94
68 33
77 40
31 80
76 31
86 36
59 21
87 72
86 44
49 80
43 79
25 3
78 100
29 32
58 35
93 22
92 66
76 82
52 91
66 1
62 1
78 55
47 13
10 14
5 65
88 60
21 72
12 99
58 95
12 3
22 33
16 54
76 68
75 14
32 33
58 94
96 19
5 93
43 71
98 12
95 72
22 94
15 68
69 56
43 17
38 34
55 97
30 1
60 72
24 53
71 16
4 87
80 52
23 91
19 31
26 59
28 90
97 76
39 74
34 74
58 26
92 77
85 27
34 80
83 85
27 71
50 17
55 56
54 53
94 42
80 37
80 98
8 16
59 58
3 90
1 2
60 35
32 88
67 42
100 36
66 38
35 9
67 40
73 30
56 92
15 88
60 6
87 55
75 24
33 6
53 67
5 21
41 50
5 23
39 51
34 42
40 23
2 36
33 52
26 62
29 50
42 8
2 34
57 41
49 33
53 28
100 63
20 9
94 87
44 70
17 38
65 11
48 72
86 75
81 51
38 53
31 39
86 24
74 61
100 60
45 22
30 94
41 70
76 1
75 51
35 39
5 32
50 15
28 29
44 22
29 95
62 71
17 98
58 33
88 33
45 53
51 10
41 49
60 57
41 76
95 11
49 67
46 58
21 45
39 95
82 22
71 41
39 76
44 97
50 88
76 78
61 79
2 57
11 9
3 94
49 28
88 78
26 8
18 6
77 22
13 30
76 33
36 12
7 81
87 6
75 35
44 68
57 51
2 87
20 44
16 35
16 31
79 35
18 54
95 94
21 6
25 98
4 51
48 76
26 40
57 55
37 62
65 30
35 57
17 30
31 98
93 68
5 79
92 12
8 3
78 64
22 90
73 87
24 93
6 57
22 87
98 58
67 97
45 55
97 4
42 51
37 27
29 91
21 68
57 44
14 45
96 7
51 64
32 42
12 51
56 88
77 72
