50 688
34 23
20 28
45 13
12 6 
1 31
7 31
40 15
33 5
31 13
21 5
47 12
3 21
22 33
22 28
28 31
23 25
31 32
42 2
14 42
22 45
20 12
8 25
40 1
46 14
25 1
48 11
25 46
28 29
47 44
36 35
1 37
36 6
6 29
41 16
2 35
25 7
45 10
7 32
12 10
13 1
33 2
16 21
47 8
29 23
25 16
27 49
16 39
38 49
21 47
18 3
17 43
14 23
3 6
27 3
27 13
42 23
40 35
18 11
11 21
17 50
21 28
27 22
34 24
20 4
25 12
20 41
42 33
41 9
9 7
7 18
14 2
13 25
34 9
4 48
20 10
37 36
21 49
32 38
1 36
45 21
25 38
14 11
29 32
10 31
41 37
19 1
14 10
14 44
10 49
47 2
16 35
19 13
11 17
20 2
16 19
17 46
10 47
7 26
50 1
46 27
28 23
33 21
49 7
34 29
5 9
12 24
21 38
2 15
44 37
6 43
15 1
25 37
15 5
2 26
17 27
31 29
42 28
2 23
46 24
1 24
12 37
9 11
38 1
46 30
33 16
25 42
45 29
6 18
6 41
34 20
46 49
50 48
7 16
32 48
46 41
3 38
2 5
38 9
31 17
18 4
5 24
22 19
4 28
2 11
38 28
45 15
8 24
11 47
49 5
39 29
12 31
39 4
32 18
36 33
5 27
43 42
3 4
44 22
28 1
25 14
18 36
10 42
50 28
17 35
34 49
31 15
7 15
21 15
34 45
26 17
33 17
27 10
43 22
20 6
29 9
24 28
4 31
48 9
19 14
34 37
36 22
27 42
40 12
23 10
8 23
40 48
32 11
33 11
2 27
41 35
24 20
29 42
18 38
5 19
15 28
42 32
23 27
14 1
18 28
24 40
39 41
21 30
47 9
40 14
18 2
2 1
6 9
11 19
37 17
39 30
47 36
48 18
45 8
25 31
19 33
49 19
48 6
34 19
10 22
6 7
18 45
39 37
44 49
10 40
2 24
26 34
42 47
26 16
3 17
12 28
49 29
24 4
14 17
42 8
22 32
45 43
20 36
4 17
44 38
45 9
26 1
35 23
44 30
5 44
12 26
31 8
18 16
44 35
33 26
44 16
32 35
21 18
23 26
21 14
47 14
11 37
34 46
16 10
7 23
35 6
9 1
46 28
40 28
14 22
19 3
19 46
25 39
13 34
36 11
49 36
38 35
2 10
13 42
17 47
5 4
44 4
30 29
50 33
18 15
37 24
8 16
12 1
2 39
1 47
33 8
45 14
44 45
46 21
22 25
5 6
5 1
28 9
3 15
13 14
41 4
30 41
34 16
20 15
15 6
9 16
28 32
31 40
32 17
30 48
38 24
44 18
34 21
8 22
48 34
50 20
15 27
45 42
11 25
50 35
8 7
42 31
37 3
36 7
3 2
17 15
49 13
17 44
11 16
28 41
37 28
27 33
43 11
26 38
13 9
9 32
26 47
4 37
12 45
10 13
12 18
15 24
16 13
21 7
23 46
40 49
13 36
46 15
8 27
26 40
32 47
46 40
31 20
19 44
20 33
5 12
19 23
13 5
7 38
24 47
18 49
7 37
29 15
15 33
46 50
5 43
48 16
18 50
10 8
5 31
3 24
12 50
26 48
1 35
13 29
43 31
26 29
4 46
30 19
42 20
7 34
47 38
34 33
6 39
44 2
4 14
23 20
29 14
18 41
42 48
27 50
3 13
40 47
44 15
41 21
38 34
7 10
49 30
1 30
41 47
13 32
28 33
17 19
11 20
49 6
43 41
50 23
22 26
40 43
20 5
32 10
20 19
18 43
35 25
23 16
4 33
26 31
39 3
20 26
20 17
13 24
25 17
44 6
15 12
19 39
31 50
25 36
25 27
9 50
4 50
5 46
11 8
27 18
17 16
31 16
29 35
46 13
11 30
36 27
16 12
37 2
11 15
43 8
42 34
50 2
31 30
31 33
50 38
29 4
37 33
33 7
9 21
17 5
45 39
45 6
36 19
38 23
36 21
16 42
9 12
2 12
15 47
11 35
37 23
42 5
16 38
13 4
8 49
42 46
23 31
11 23
14 6
33 39
14 24
13 30
45 7
28 17
8 14
48 39
14 37
31 11
33 44
3 43
23 1
12 33
11 34
34 15
30 17
11 44
42 50
34 35
43 25
41 10
6 40
30 23
29 1
48 14
21 17
40 4
3 30
11 5
24 23
38 19
32 24
41 36
11 26
43 30
37 40
37 32
14 20
4 15
32 39
34 39
11 1
16 32
3 28
26 37
34 25
5 29
39 27
20 3
5 39
8 9
20 45
11 50
26 15
35 21
46 7
47 19
19 40
4 26
39 15
2 4
21 26
20 21
50 30
2 6
27 48
10 35
36 17
34 3
9 37
35 45
10 5
48 38
46 29
19 32
7 35
35 20
43 29
37 19
28 2
2 43
7 43
9 49
32 2
9 14
22 1
15 9
47 43
7 50
45 37
21 27
3 11
37 8
42 30
7 20
44 48
44 1
20 30
44 10
44 3
17 1
40 20
10 17
45 16
25 21
35 46
45 26
6 34
34 27
44 40
16 49
15 8
38 2
39 14
12 36
46 39
31 38
27 44
41 11
18 31
25 3
24 7
34 30
32 41
43 46
32 30
41 15
21 6
37 42
27 26
35 19
4 19
29 36
10 6
22 16
35 5
26 35
13 40
11 39
48 31
7 12
35 12
15 48
12 29
38 27
16 50
6 8
4 45
10 21
29 17
30 22
5 34
23 39
45 47
39 10
38 14
2 49
18 13
4 23
28 14
38 42
9 22
3 50
15 25
29 33
31 41
35 14
6 16
5 14
25 50
36 2
11 49
23 44
7 3
31 21
21 24
32 36
32 49
19 18
14 12
37 47
8 26
37 5
36 31
4 34
18 24
40 8
2 22
36 10
4 47
45 11
16 27
2 29
15 38
24 25
9 31
2 34
49 22
37 27
18 42
40 45
50 14
34 32
33 23
41 23
44 32
6 1
46 31
38 6
50 22
10 11
12 22
10 4
9 27
37 50
37 31
43 39
17 34
49 39
13 23
24 10
3 36
