20 152
1 9
11 20
2 5
9 15
17 13
3 9
2 18
1 2
12 2
18 12
2 6
13 12
15 5
4 14
4 15
15 7
18 14 
12 14
19 2
5 3
6 16
4 16
18 15
19 14
17 16
1 15
20 17
9 8
10 17
5 8
2 17
2 4
15 8
13 3
19 17
12 6
9 18
9 5
14 16
15 17
18 19
1 18
7 16
12 16
20 6
16 3
15 6
17 1
18 17
11 9
1 20
13 9
19 16
17 3
6 18
1 8
4 5
3 12
7 14
16 15
14 11
10 16
2 7
4 12
7 5
17 9
19 1
18 10
17 12
18 20
7 19
10 20
12 9
7 13
1 5
14 1
14 10
11 8
13 2
6 5
6 7
16 5
19 12
15 11
6 4
18 3
20 16
13 15
17 14
3 15
10 12
19 10
6 19
20 4
2 11
19 8
2 20
11 6
18 5
9 20
14 8
5 20
15 20
2 14
8 10
17 6
13 10
10 1
19 13
7 20
7 8
19 3
6 1
9 4
17 8
4 17
5 17
4 7
15 12
18 16
4 11
18 8
16 9
19 5
16 11
11 5
5 14
9 7
11 1
12 1
12 11
19 15
13 8
13 14
16 2
5 10
8 16
8 20
2 10
13 20
19 20
7 17
2 8
10 9
3 8
6 10
19 4
13 6
11 19
3 14
4 8
1 13
