20
 0  0  0 15  1 17  5  0 15 12  0  8  8  0  5 20  3  2 11  6 
 0  0  0  4 18 15  0  0 11  0 20  0  7  0  4  0 19  9 10 10 
 0  0  0  6  2  4  0  3  4  0 13  0  0  1  7  0  0 11  1 13 
15  4  6  0  0 14  0  0  0  0  0 17  6  0  0 18 20  7  8  0 
 1 18  2  0  0  8  0  0  0  0  0  0  0  0  0  0 14  0 13  4 
17 15  4 14  8  0  5 15  0 13  0 18  0  0  3  1  0  7  0  0 
 5  0  0  0  0  5  0  0  5  0  6  0  4  2  0 19  0  7 13  1 
 0  0  3  0  0 15  0  0  0  0 20  0  0  4  0 10  0  2  0  0 
15 11  4  0  0  0  5  0  0  0  0  0  6  3  0  0  6 16  3 19 
12  0  0  0  0 13  0  0  0  0  0 16  6 14 19  0  0  0 16 13 
 0 20 13  0  0  0  6 20  0  0  0 10  0  6  9  0  0  0  0  8 
 8  0  0 17  0 18  0  0  0 16 10  0  0  5 18  0  0  0  3  6 
 8  7  0  6  0  0  4  0  6  6  0  0  0  6  0  2  0  0  0  3 
 0  0  1  0  0  0  2  4  3 14  6  5  6  0  0 13  9 20  5 16 
 5  4  7  0  0  3  0  0  0 19  9 18  0  0  0  0  7  3  0 19 
20  0  0 18  0  1 19 10  0  0  0  0  2 13  0  0 12 18  6  0 
 3 19  0 20 14  0  0  0  6  0  0  0  0  9  7 12  0  0 19  0 
 2  9 11  7  0  7  7  2 16  0  0  0  0 20  3 18  0  0 17 13 
11 10  1  8 13  0 13  0  3 16  0  3  0  5  0  6 19 17  0  0 
 6 10 13  0  4  0  1  0 19 13  8  6  3 16 19  0  0 13  0  0 
