20
 0 12  0 10  0  1  2  0 14  0  0  8  0  0  0  0 13 12  0  0 
12  0  0 13  0  8 18  3  5  0  4  3  7 18  0 16  0  0 19  0 
 0  0  0  0  0  0  0 19  0  0  2  0  0  0  0  0  8  0  0  0 
10 13  0  0 20  0  0  1  9  0  0  9  0  0  0  3  0  0  0 11 
 0  0  0 20  0  0  0  0 13  4  8  1 16  0 10  0  9  0  0  0 
 1  8  0  0  0  0 19 11  0 20  0 10 19 11 12  0 17 15 17  0 
 2 18  0  0  0 19  0  4 12  0  0  0  7 19  0  0  3 17 18  4 
 0  3 19  1  0 11  4  0  0  0 16  0 16 16  6  0  0  3  0 12 
14  5  0  9 13  0 12  0  0 17  0 20 13  0  0 17  3 18  0  6 
 0  0  0  0  4 20  0  0 17  0  2  0  0  0  6  0 19  5  0  0 
 0  4  2  0  8  0  0 16  0  2  0 11  0  0  0  0  8  0  9 10 
 8  3  0  9  1 10  0  0 20  0 11  0 14  0  9  7  0 11 14  6 
 0  7  0  0 16 19  7 16 13  0  0 14  0  8 17  8 18 17 11  0 
 0 18  0  0  0 11 19 16  0  0  0  0  8  0  0 11  0 11  0  0 
 0  0  0  0 10 12  0  6  0  6  0  9 17  0  0 15  1  5  0  0 
 0 16  0  3  0  0  0  0 17  0  0  7  8 11 15  0  0 12  0  0 
13  0  8  0  9 17  3  0  3 19  8  0 18  0  1  0  0 17  0  0 
12  0  0  0  0 15 17  3 18  5  0 11 17 11  5 12 17  0 17 10 
 0 19  0  0  0 17 18  0  0  0  9 14 11  0  0  0  0 17  0 16 
 0  0  0 11  0  0  4 12  6  0 10  6  0  0  0  0  0 10 16  0 
 9